epoch;acc;f1;loss
0;0.5286341905593872;0.2631147801876068;0.749886155128479
1;0.5770101547241211;0.3227613866329193;0.6692884564399719
2;0.623750627040863;0.367390513420105;0.6190276145935059
3;0.663850724697113;0.3926587402820587;0.5848435163497925
4;0.6946274042129517;0.41955748200416565;0.5591946840286255
5;0.7186553478240967;0.4402473568916321;0.538637101650238
6;0.7381978034973145;0.45533251762390137;0.5224388837814331
7;0.753690779209137;0.4706621766090393;0.509013295173645
8;0.7655066847801208;0.48142969608306885;0.4975314736366272
9;0.7751302719116211;0.4908924698829651;0.4878670573234558
10;0.7842943072319031;0.5005853772163391;0.47906726598739624
11;0.7921416759490967;0.5097277164459229;0.4710726737976074
12;0.7986612319946289;0.5190461277961731;0.46394193172454834
13;0.8043001294136047;0.5274927616119385;0.45727765560150146
14;0.8095030784606934;0.536563515663147;0.45083391666412354
15;0.8139025568962097;0.5441251993179321;0.4448421001434326
16;0.8181999325752258;0.5522422194480896;0.43911251425743103
17;0.8218234181404114;0.5598256587982178;0.4335663914680481
18;0.8251255750656128;0.5670707821846008;0.4284024238586426
19;0.8287266492843628;0.5752640962600708;0.4234188497066498
20;0.8322093486785889;0.5835689902305603;0.41866669058799744
21;0.8353495597839355;0.5910982489585876;0.4140970706939697
22;0.8382431268692017;0.5980891585350037;0.40966758131980896
23;0.8412201404571533;0.6054640412330627;0.40543603897094727
24;0.8438633680343628;0.6120798587799072;0.4014018177986145
25;0.8462250232696533;0.6181861758232117;0.39747533202171326
26;0.8484982848167419;0.624040961265564;0.3936930000782013
27;0.8511003851890564;0.6302112936973572;0.39007431268692017
28;0.8535941243171692;0.6367571949958801;0.3864741325378418
29;0.8559234142303467;0.6431980133056641;0.38299480080604553
30;0.8579027056694031;0.6485819816589355;0.3796084523200989
31;0.8597810864448547;0.6534857749938965;0.3764511048793793
32;0.8614552021026611;0.6578460931777954;0.37330830097198486
33;0.8637757301330566;0.6643421649932861;0.3701234459877014
34;0.8658173084259033;0.6696271896362305;0.36706629395484924
35;0.8678850531578064;0.6752638816833496;0.3641349971294403
36;0.86993408203125;0.680727481842041;0.36124253273010254
37;0.8714948296546936;0.6850180625915527;0.35847005248069763
38;0.873262345790863;0.6900989413261414;0.3557665944099426
39;0.874662458896637;0.6939400434494019;0.3530980348587036
40;0.8766329884529114;0.6993719339370728;0.3504590392112732
41;0.8783033490180969;0.7037634253501892;0.34787824749946594
42;0.879915177822113;0.7081418037414551;0.34534528851509094
43;0.8818820118904114;0.7132458090782166;0.34287965297698975
44;0.88311767578125;0.7168108224868774;0.34050291776657104
45;0.8847182989120483;0.7208817601203918;0.33828431367874146
46;0.885835587978363;0.7237744927406311;0.3362089693546295
47;0.8874038457870483;0.7282167673110962;0.3342092037200928
48;0.8886095881462097;0.7309784293174744;0.3320903778076172
49;0.8906959891319275;0.7367687821388245;0.329675555229187
50;0.8919677734375;0.7401207685470581;0.32739704847335815
51;0.8934799432754517;0.7442733645439148;0.325306236743927
52;0.8944851756095886;0.7470942139625549;0.3234214186668396
53;0.8958877325057983;0.7503576278686523;0.32130369544029236
54;0.8974609375;0.7549270391464233;0.3193020820617676
55;0.8984810709953308;0.7574034333229065;0.3175182640552521
56;0.8996208310127258;0.7604600787162781;0.3157101571559906
57;0.9007008075714111;0.7633165121078491;0.31393933296203613
58;0.9021170735359192;0.7669973373413086;0.31208664178848267
59;0.9033277630805969;0.7700689435005188;0.31017494201660156
60;0.9038932919502258;0.7716142535209656;0.3085958659648895
61;0.9055562019348145;0.7754748463630676;0.3067413568496704
62;0.9068130254745483;0.7790326476097107;0.3047659993171692
63;0.9076550602912903;0.7810837030410767;0.30326777696609497
64;0.9084236025810242;0.782564640045166;0.30183982849121094
65;0.9092556834220886;0.7853541374206543;0.30024653673171997
66;0.9101325869560242;0.7869613766670227;0.2988720238208771
67;0.9102969765663147;0.7880222201347351;0.2977719306945801
68;0.9116198420524597;0.7904808521270752;0.29605352878570557
69;0.912922739982605;0.7945017218589783;0.2942480742931366
70;0.9138295650482178;0.7964754700660706;0.2927319407463074
71;0.9150365591049194;0.7991601824760437;0.2911500036716461
72;0.9155011773109436;0.8010066151618958;0.2897769510746002
73;0.9166608452796936;0.8034026026725769;0.28839045763015747
74;0.9177109003067017;0.806269645690918;0.2870258092880249
75;0.9188705682754517;0.8088535070419312;0.2852157652378082
76;0.919697642326355;0.811061680316925;0.28374987840652466
77;0.9207502007484436;0.8136086463928223;0.2821657657623291
78;0.9217753410339355;0.8159674406051636;0.2807108163833618
79;0.9223047494888306;0.8177176117897034;0.27939945459365845
80;0.9233560562133789;0.8199757933616638;0.27790823578834534
81;0.9239501953125;0.8214941024780273;0.2766769826412201
82;0.9245842099189758;0.8231296539306641;0.275362104177475
83;0.9250650405883789;0.8243968486785889;0.27428802847862244
84;0.9257825016975403;0.825970470905304;0.27298229932785034
85;0.926973283290863;0.8286535739898682;0.2716206908226013
86;0.9272934198379517;0.8300400972366333;0.27026718854904175
87;0.9279660582542419;0.8309824466705322;0.2689456641674042
88;0.9288030862808228;0.8334537148475647;0.2675918936729431
89;0.9297634959220886;0.8355656266212463;0.2662215530872345
90;0.9299005270004272;0.8359294533729553;0.26534637808799744
91;0.9305407404899597;0.837637186050415;0.2640814781188965
92;0.9309729933738708;0.8385747075080872;0.26290687918663025
93;0.9317365288734436;0.8404936790466309;0.26172661781311035
94;0.9323132634162903;0.8418896198272705;0.2602514624595642
95;0.932963490486145;0.8434357643127441;0.25909969210624695
96;0.9336087107658386;0.8449480533599854;0.2577698826789856
97;0.9342003464698792;0.8465142846107483;0.2565099000930786
98;0.9353525638580322;0.8489302396774292;0.2550322413444519
0;0.4044039845466614;0.3208714723587036;0.9038305282592773;0.4265311062335968;0.36823999881744385;0.7019327282905579
99;0.9356004595756531;0.8497356176376343;0.25396499037742615
1;0.42470380663871765;0.3452579081058502;0.8569160103797913;0.39197400212287903;0.37590786814689636;0.7108461856842041
100;0.9365234375;0.8519138097763062;0.25258055329322815
2;0.44079217314720154;0.36091530323028564;0.8079580068588257;0.3734479546546936;0.379565566778183;0.7165579795837402
101;0.9368709921836853;0.8527694940567017;0.2513718605041504
102;0.9375236630439758;0.8541620373725891;0.25019019842147827
3;0.4479830861091614;0.36630532145500183;0.7787289619445801;0.38002854585647583;0.3770480453968048;0.7157289981842041
103;0.9379284977912903;0.8553698658943176;0.2489798665046692
4;0.4627336859703064;0.37553057074546814;0.7525068521499634;0.38849499821662903;0.37352317571640015;0.7120550274848938
104;0.9384890198707581;0.8565618991851807;0.24775341153144836
0;0.4816807210445404;0.3818528354167938;0.7319719195365906;0.4107852876186371;0.3550400733947754;0.705586314201355
105;0.9392538070678711;0.8582382798194885;0.24662718176841736
1;0.5017961859703064;0.389183908700943;0.7166469097137451;0.45172742009162903;0.3446166217327118;0.6982912421226501
106;0.9392351508140564;0.8584287762641907;0.24549077451229095
2;0.5199074149131775;0.39633816480636597;0.7020623087882996;0.5029645562171936;0.330878347158432;0.6902509331703186
107;0.9398542046546936;0.8599007725715637;0.24458308517932892
3;0.5349382758140564;0.4030429422855377;0.6901628375053406;0.5494658946990967;0.31388068199157715;0.6831783652305603
108;0.9403910636901855;0.8609007000923157;0.24331729114055634
4;0.5505682229995728;0.4089164137840271;0.6800476312637329;0.5806162357330322;0.29586154222488403;0.6771559715270996
109;0.9406514167785645;0.8619139790534973;0.2420913130044937
0;0.5664162039756775;0.4142969250679016;0.6709487438201904;0.6012809872627258;0.2918091416358948;0.6728670597076416
110;0.9416155219078064;0.8638889193534851;0.24081791937351227
1;0.5816139578819275;0.420207679271698;0.6628069281578064;0.6103702187538147;0.28479573130607605;0.66981041431427
111;0.9422981142997742;0.8656168580055237;0.2393801510334015
2;0.5965364575386047;0.42595019936561584;0.6553624272346497;0.6134681105613708;0.2847864031791687;0.6680017709732056
112;0.9424550533294678;0.8657143712043762;0.23861157894134521
3;0.6111275553703308;0.4325878322124481;0.6484100818634033;0.6124740839004517;0.2873915731906891;0.6672671437263489
113;0.9425484538078308;0.8662446141242981;0.23772569000720978
4;0.6245976686477661;0.4390433430671692;0.6417936682701111;0.6103253960609436;0.2909422218799591;0.6670100092887878
114;0.9432273507118225;0.8677787184715271;0.23612447082996368
0;0.6371409893035889;0.4454478323459625;0.6353582143783569;0.6049380898475647;0.2869751453399658;0.6657782793045044
115;0.9439510703086853;0.869441032409668;0.2349650114774704
1;0.6489021182060242;0.45199689269065857;0.6290874481201172;0.6012199521064758;0.29024508595466614;0.6667290329933167
116;0.9442225694656372;0.8700457215309143;0.23370325565338135
2;0.6597676277160645;0.4577484726905823;0.623169481754303;0.5944724678993225;0.29456475377082825;0.6683514714241028
117;0.9449737071990967;0.8718258142471313;0.23230241239070892
3;0.6685729026794434;0.4621824026107788;0.6174988150596619;0.5854915976524353;0.2986641824245453;0.6702588796615601
118;0.9447146058082581;0.8711669445037842;0.23175188899040222
119;0.9449151754379272;0.8716831207275391;0.23099733889102936
4;0.6774353981018066;0.4677759110927582;0.6119517683982849;0.5790517330169678;0.30144527554512024;0.6718417406082153
120;0.9452203512191772;0.8722118735313416;0.22969330847263336
0;0.6849004030227661;0.4726129174232483;0.6065091490745544;0.5616330504417419;0.3346391022205353;0.678443193435669
1;0.6927589774131775;0.47847574949264526;0.6011924147605896;0.558256208896637;0.3371567726135254;0.6790288090705872
2;0.6994379758834839;0.48327070474624634;0.5960742235183716;0.5540946125984192;0.3396957218647003;0.6799655556678772
3;0.7061581015586853;0.48827633261680603;0.5910761952400208;0.5508385300636292;0.3421977758407593;0.6813057065010071
4;0.7125555276870728;0.4931237995624542;0.5862737894058228;0.5456642508506775;0.34739163517951965;0.6832466125488281
0;0.7187587022781372;0.49754196405410767;0.5816491842269897;0.5396080613136292;0.33229151368141174;0.6855107545852661
1;0.7251424789428711;0.5026124715805054;0.5771018266677856;0.5333762764930725;0.33664050698280334;0.6885076761245728
2;0.7308499217033386;0.5077321529388428;0.5726290345191956;0.5267906785011292;0.3416970670223236;0.6913769841194153
3;0.7358958721160889;0.5125939249992371;0.5682479739189148;0.5199136734008789;0.3476540148258209;0.6938098073005676
4;0.7410452961921692;0.5177313089370728;0.5639432668685913;0.5148165822029114;0.35188210010528564;0.6951209306716919
0;0.7465434074401855;0.5236925482749939;0.5597088932991028;0.5122369527816772;0.353537917137146;0.6947240829467773
1;0.751615583896637;0.52936190366745;0.5555422306060791;0.5108829140663147;0.3535906970500946;0.6970001459121704
2;0.7562828660011292;0.5345019102096558;0.5514219403266907;0.5087068676948547;0.3532434403896332;0.698594331741333
3;0.7611171007156372;0.5401545166969299;0.5473571419715881;0.5038601756095886;0.3547195792198181;0.6998357772827148
4;0.7654892206192017;0.5459074378013611;0.543350875377655;0.4965571165084839;0.35824522376060486;0.70158851146698
0;0.7696620225906372;0.5514167547225952;0.5394180417060852;0.4875139594078064;0.3587665855884552;0.7073186635971069
1;0.7739557027816772;0.5575169920921326;0.5355374217033386;0.47997424006462097;0.36063575744628906;0.7104105949401855
2;0.7775604724884033;0.5623902678489685;0.5317038893699646;0.46895429491996765;0.36590757966041565;0.7149373292922974
3;0.781413197517395;0.5679571032524109;0.5279381275177002;0.45464837551116943;0.3715890645980835;0.7207308411598206
4;0.7853505611419678;0.573733925819397;0.5242348313331604;0.44443434476852417;0.3750207722187042;0.72616046667099
0;0.4027809500694275;0.3594779372215271;0.861584484577179;0.2960479259490967;0.36242344975471497;0.7178446054458618
1;0.4211164116859436;0.3747408092021942;0.830158531665802;0.28173828125;0.3645031750202179;0.723090648651123
0;0.4473951756954193;0.38662922382354736;0.7984312176704407;0.30153360962867737;0.4158678352832794;0.7224988341331482
1;0.4915435314178467;0.3964841067790985;0.7716218829154968;0.29670435190200806;0.41647499799728394;0.7228052020072937
0;0.5109888315200806;0.40238016843795776;0.751592218875885;0.2642373740673065;0.3712911307811737;0.7239301800727844
1;0.5400415658950806;0.4110221266746521;0.733684241771698;0.27058130502700806;0.36995840072631836;0.7210255861282349
0;0.5629185438156128;0.41757866740226746;0.7192798256874084;0.30518075823783875;0.4085372984409332;0.715630292892456
1;0.5816625356674194;0.42690396308898926;0.706961989402771;0.31675875186920166;0.405203640460968;0.7126858234405518
0;0.5994898080825806;0.4354698956012726;0.695747435092926;0.3289906978607178;0.3771013915538788;0.7099863290786743
1;0.6181117296218872;0.4435522258281708;0.6855021715164185;0.3514591157436371;0.37369978427886963;0.707550048828125
0;0.6361731886863708;0.4507637619972229;0.6765652298927307;0.33417993783950806;0.32768213748931885;0.708124041557312
1;0.650846540927887;0.4583625793457031;0.6682807207107544;0.33857446908950806;0.32432302832603455;0.7070924639701843
0;0.6625341176986694;0.46569719910621643;0.660536527633667;0.3547450602054596;0.32549434900283813;0.7064082622528076
1;0.6733560562133789;0.4730776846408844;0.6532689332962036;0.38096773624420166;0.3201248049736023;0.7046012878417969
0;0.6836858987808228;0.4802829921245575;0.6464236974716187;0.42453935742378235;0.37859851121902466;0.7008919715881348
1;0.6922956109046936;0.48635783791542053;0.6400501728057861;0.43611985445022583;0.3751835525035858;0.6994456052780151
0;0.6999287605285645;0.4921535849571228;0.6339015960693359;0.4481923580169678;0.34555354714393616;0.6979401111602783
0;0.5729158520698547;0.28425297141075134;0.7254483103752136;0.4470115303993225;0.34863340854644775;0.6968914866447449
0;0.6317275762557983;0.3807325065135956;0.658913254737854;0.42632433772087097;0.39408016204833984;0.6995580792427063
0;0.6620732545852661;0.41556495428085327;0.6247798204421997;0.3960147798061371;0.30876386165618896;0.7016416192054749
0;0.4238717257976532;0.3790935277938843;0.8366257548332214;0.2726627290248871;0.42312902212142944;0.8683291077613831
0;0.4580800533294678;0.39913538098335266;0.7971767783164978;0.2514461576938629;0.39638036489486694;0.8783220648765564
0;0.49976956844329834;0.4103385806083679;0.7639709711074829;0.22551244497299194;0.361234575510025;0.8673707842826843
0;0.4128168821334839;0.3312450349330902;0.8295636773109436;0.2904227077960968;0.44435441493988037;0.7692004442214966
0;0.4418870508670807;0.3512064218521118;0.793975293636322;0.26417386531829834;0.41088879108428955;0.7882543802261353
0;0.4703717827796936;0.36379435658454895;0.7671343684196472;0.22776328027248383;0.3602392077445984;0.8109369874000549
0;0.5094168782234192;0.37510427832603455;0.7445347309112549;0.25854742527008057;0.39962032437324524;0.811987578868866
0;0.5320733785629272;0.3909953534603119;0.7267725467681885;0.26569101214408875;0.40772080421447754;0.8083768486976624
0;0.5536399483680725;0.4019559323787689;0.7132976055145264;0.22659239172935486;0.3545213043689728;0.8191811442375183
0;0.5735560655593872;0.41381406784057617;0.7009424567222595;0.2476457804441452;0.38430216908454895;0.8046298623085022
0;0.5906310081481934;0.4247647225856781;0.6897920370101929;0.21626873314380646;0.34168270230293274;0.8068980574607849
0;0.6038432121276855;0.43399298191070557;0.6798535585403442;0.2926971912384033;0.4429340362548828;0.7730422019958496
0;0.6147722601890564;0.441331684589386;0.6710711717605591;0.20328818261623383;0.32300105690956116;0.784753143787384
0;0.6250510811805725;0.44920793175697327;0.6628788709640503;0.22018744051456451;0.3474867343902588;0.7728182673454285
0;0.6342611312866211;0.45741188526153564;0.6552948355674744;0.24332474172115326;0.37967902421951294;0.7602124214172363
0;0.6414259076118469;0.46493446826934814;0.6481439471244812;0.23646888136863708;0.36986321210861206;0.7566962838172913
0;0.4494740962982178;0.3480897545814514;0.767606794834137;0.26829060912132263;0.4133416712284088;0.7485184669494629
0;0.502286970615387;0.3655109107494354;0.7291773557662964;0.22931405901908875;0.3618643879890442;0.7557353377342224
0;0.5477730631828308;0.3823462426662445;0.7015282511711121;0.1998988538980484;0.31996625661849976;0.7546959519386292
0;0.5774959921836853;0.39490219950675964;0.6853614449501038;0.2553810477256775;0.3942127823829651;0.7395838499069214
0;0.5983002185821533;0.41046813130378723;0.6721324324607849;0.2383958399295807;0.3656424582004547;0.7369504570960999
0;0.612943708896637;0.4236821234226227;0.6609721779823303;0.2716425657272339;0.4086630046367645;0.7285754084587097
0;0.6237332224845886;0.4351399540901184;0.6511756181716919;0.28107935190200806;0.4147051274776459;0.7257762551307678
0;0.6340157389640808;0.4462908208370209;0.6428489685058594;0.23727479577064514;0.3520255982875824;0.7303339242935181
0;0.6443543434143066;0.45580369234085083;0.6352944374084473;0.26904919743537903;0.3923526406288147;0.727514922618866
0;0.6523574590682983;0.4628167450428009;0.6286664605140686;0.2599935829639435;0.37372347712516785;0.7319068312644958
0;0.6599718928337097;0.4713193476200104;0.6224413514137268;0.31321001052856445;0.4410342276096344;0.7227534651756287
0;0.6668103337287903;0.47955697774887085;0.6165177226066589;0.2388056516647339;0.32446059584617615;0.7331346273422241
0;0.6739066243171692;0.4868362843990326;0.6107903718948364;0.2593458592891693;0.3484300673007965;0.7286784052848816
0;0.48203325271606445;0.3383064866065979;0.7415400743484497;0.3064425587654114;0.3520145118236542;0.7177188396453857
0;0.5522124767303467;0.34954825043678284;0.6945902705192566;0.35606539249420166;0.33631816506385803;0.7092415690422058
0;0.5903681516647339;0.36307254433631897;0.6712229251861572;0.42162835597991943;0.34599387645721436;0.6954337358474731
0;0.6142179369926453;0.3847547173500061;0.6556496620178223;0.49456414580345154;0.38502246141433716;0.6826452016830444
0;0.6297918558120728;0.39939939975738525;0.6436736583709717;0.518770158290863;0.344653844833374;0.6764338612556458
0;0.6393656730651855;0.41214433312416077;0.6351766586303711;0.5608171820640564;0.2926879823207855;0.6650608777999878
0;0.6496370434761047;0.4227645695209503;0.6271029710769653;0.60211181640625;0.2506667673587799;0.6497751474380493
0;0.66064453125;0.4326010048389435;0.6201431751251221;0.5987947583198547;0.2124570906162262;0.6598992347717285
0;0.6704961061477661;0.44147104024887085;0.6135728359222412;0.5991385579109192;0.2214883714914322;0.6604673266410828
0;0.6785801649093628;0.449062317609787;0.6076712608337402;0.6469054222106934;0.22546635568141937;0.6361452341079712
0;0.6856315732002258;0.4561033248901367;0.602238118648529;0.6787557601928711;0.185597762465477;0.6185980439186096
0;0.6925833821296692;0.46325984597206116;0.5969732403755188;0.6594362854957581;0.20841580629348755;0.6377288103103638
0;0.6994143128395081;0.4703183174133301;0.5918301343917847;0.6886360049247742;0.17849883437156677;0.6220312118530273
0;0.5327023863792419;0.28882643580436707;0.7001081109046936;0.685322642326355;0.20109032094478607;0.6224050521850586
0;0.6195030808448792;0.29677167534828186;0.6487752795219421;0.7218540906906128;0.1617049276828766;0.6088902354240417
0;0.6475070118904114;0.3230704367160797;0.6330787539482117;0.7372224926948547;0.1497444212436676;0.6105021238327026
0;0.6643290519714355;0.34409299492836;0.6212531328201294;0.7171356678009033;0.11311067640781403;0.6363983750343323
0;0.675557017326355;0.3559817969799042;0.6130818128585815;0.6933954954147339;0.10170242935419083;0.6491119861602783
0;0.6876009106636047;0.3647618591785431;0.6060091257095337;0.7017971873283386;0.09614597260951996;0.6471031904220581
0;0.6986818909645081;0.3697143495082855;0.5991841554641724;0.7566353678703308;0.06779108196496964;0.63333660364151
0;0.7078496217727661;0.3716885447502136;0.5929633378982544;0.659077525138855;0.05869363620877266;0.6647229194641113
0;0.7150281071662903;0.3785954415798187;0.5874181389808655;0.7038337588310242;0.04790753126144409;0.6525865793228149
0;0.7215202450752258;0.3855995833873749;0.5824424028396606;0.7217618823051453;0.0544455386698246;0.6436463594436646
0;0.7268328070640564;0.39119529724121094;0.5780037641525269;0.7470553517341614;0.04036669805645943;0.6367504596710205
0;0.7323583364486694;0.3944934606552124;0.5736774802207947;0.7243179082870483;0.04462572932243347;0.6399553418159485
0;0.7369198203086853;0.39817172288894653;0.5698205828666687;0.703584611415863;0.03932839259505272;0.648348331451416
0;0.5437846183776855;0.3119077980518341;0.6908016800880432;0.7430357933044434;0.035062264651060104;0.6359422206878662
0;0.6290333271026611;0.30093276500701904;0.642863392829895;0.7778158187866211;0.04546498507261276;0.6220850348472595
0;0.6563321948051453;0.3309130370616913;0.6243559122085571;0.7953242063522339;0.03455952927470207;0.6141194701194763
0;0.6707277894020081;0.34776487946510315;0.6131502389907837;0.7076191902160645;0.03732137382030487;0.6417708992958069
0;0.6819183826446533;0.35873258113861084;0.603247344493866;0.7505094408988953;0.04166445881128311;0.6244248151779175
0;0.6884341835975647;0.3674192428588867;0.596474826335907;0.7882528305053711;0.03595447912812233;0.6151630878448486
0;0.6942723989486694;0.3739640414714813;0.5908693671226501;0.6792203783988953;0.04144255071878433;0.651826024055481
0;0.7006449699401855;0.37851977348327637;0.5856313109397888;0.7515171766281128;0.03247614577412605;0.6255188584327698
0;0.7055016160011292;0.3792878985404968;0.5810993909835815;0.7296279668807983;0.049616653472185135;0.6358903646469116
0;0.708955705165863;0.3837057650089264;0.5768240690231323;0.7570065855979919;0.03240860998630524;0.6279120445251465
0;0.7119663953781128;0.3912225663661957;0.5729936361312866;0.7405208945274353;0.03781060501933098;0.6335440874099731
0;0.7146058082580566;0.3967297673225403;0.5694330334663391;0.7512879371643066;0.05793817713856697;0.6292243003845215
0;0.7176974415779114;0.40101906657218933;0.5660328269004822;0.7588002681732178;0.04475334659218788;0.6286731362342834
0;0.6028653979301453;0.2754250466823578;0.665556788444519;0.7614932656288147;0.054961901158094406;0.6280553340911865
0;0.6696129441261292;0.2552994191646576;0.6285774111747742;0.7383435368537903;0.05300692468881607;0.6364254355430603
0;0.6922545433044434;0.25678572058677673;0.6124962568283081;0.761503279209137;0.04921066761016846;0.6275271773338318
0;0.7054804563522339;0.2670030891895294;0.6013168692588806;0.759981095790863;0.04188646376132965;0.6308687329292297
0;0.7139917612075806;0.2739357352256775;0.5935462117195129;0.7825342416763306;0.04580108821392059;0.6236154437065125
0;0.7216273546218872;0.2792576849460602;0.5873117446899414;0.7416506409645081;0.049772974103689194;0.6402760744094849
0;0.7266970276832581;0.2838706076145172;0.5819513201713562;0.7715204954147339;0.04367976263165474;0.6316683292388916
0;0.7320345044136047;0.2848670184612274;0.5771124958992004;0.7618258595466614;0.03884626179933548;0.6368011832237244
0;0.7372835278511047;0.2814723551273346;0.5729755759239197;0.7652139663696289;0.04319795221090317;0.6355295777320862
0;0.7414737343788147;0.2783890664577484;0.5691484212875366;0.7683242559432983;0.034389469772577286;0.6375767588615417
0;0.7449290752410889;0.2806051969528198;0.5654756426811218;0.7069216370582581;0.03171270340681076;0.6518917679786682
0;0.7475361824035645;0.28373321890830994;0.561834454536438;0.7329437732696533;0.028897928074002266;0.6431633234024048
0;0.7498081922531128;0.28781330585479736;0.5583356022834778;0.6818411946296692;0.031964272260665894;0.6587963700294495
0;0.6757837533950806;0.17997941374778748;0.6308344602584839;0.7829838991165161;0.023955170065164566;0.6320023536682129
0;0.7175305485725403;0.17354793846607208;0.5994015336036682;0.7512506246566772;0.0222861859947443;0.6383749842643738
0;0.7244661450386047;0.20235174894332886;0.5834110975265503;0.7794924378395081;0.023993946611881256;0.629294753074646
0;0.7295718789100647;0.22152017056941986;0.571916401386261;0.7694029808044434;0.01769065484404564;0.627692461013794
0;0.7340274453163147;0.23507872223854065;0.5643733143806458;0.7045836448669434;0.020048171281814575;0.6437798142433167
